light presence action
0 0.1 2
0 0 2
0 0.1 2
0 0.1 2
34.167 0 2
45 0.8 2
417.5 0.9 2
0.833 0 2
0 0 2
0 0 2
0 0.2 2
0 0.3 2
44.167 0.9 2
0 0.2 2
0 0.1 2
43.333 0.7 2
0 0 2
0 0.2 2
0 0.1 2
0 0.1 2
110.833 0.5 2
0 0 2
0 0.2 2
0 0 2
1.667 0 2
335.833 0.2 2
45.833 1 2
134.167 0 2
0 0 2
0 0 2
0 0 2
0.833 0 2
41.667 1 2
0.833 0 2
0 0 2
0 0 2
23.333 0 2
43.333 1 2
15 0 2
67.5 1 2
443.333 1 2
0.833 0 2
402.5 0.2 2
0 0 2
0 0.2 2
173.333 1 2
0 0 2
0 0 2
207.5 1 2
30 0 2
0 0 2
41.667 0.8 2
77.5 1 2
157.5 0 2
114.167 0 2
0 0.1 2
42.5 0.8 2
518.333 0.6 2
351.667 0 2
0 0.3 2
0 0 2
0.833 0 2
0 0.3 2
54.167 0.8 2
43.333 0.9 2
0 0 2
0 0 2
42.5 0.7 2
44.167 0.8 2
24.167 0 2
44.167 1 2
0.833 0 2
42.5 0.9 2
46.667 0.8 2
38.333 0.9 2
304.167 1 2
0 0.1 2
44.167 1 2
42.5 0.9 2
44.167 1 2
46.667 1 2
0 0 2
0 0 2
0 0 2
0 0 2
0 0 2
0 0 2
35.833 0 2
0 0 2
290.833 0.8 2
0 0.2 2
42.5 1 2
0 0 2
40.833 1 2
0 0 2
0 0 2
407.5 0 2
0 0 2
0 0 2
44.167 1 2
0.833 0 2
0 0 2
0 0 2
0 0.1 2
41.667 1 2
93.333 0 2
0 0.1 2
0 0 2
14.167 0.1 2
0 0.1 2
0 0.1 2
0 0.1 2
371.667 0.5 2
29.167 0 2
34.167 1 2
0 0 2
46.667 1 2
0 0 2
0 0 2
36.667 0 2
0 0 2
54.167 0.1 2
0 0 2
45 1 2
0 0 2
0.833 0 2
45 1 2
0 0.1 2
40.833 0.9 2
0 0 2
0 0 2
223.333 0 2
0 0 2
0 0.1 2
0 0.3 2
65.833 0 2
0 0 2
377.5 0 2
7.5 0 2
43.333 0.2 2
0 0.1 2
0 0 2
29.167 1 2
0 0 2
0 0 2
46.667 0.8 2
20 0.4 2
0 0.2 2
0 0 2
0 0 2
0 0.2 2
15 0 2
45.833 0.9 2
0 0 2
0 0 2
33.333 0 2
43.333 0.9 2
0 0 2
0 0.1 2
0 0 2
105 0.3 2
39.167 0.8 2
23.333 0 2
32.5 0 2
0 0 2
0 0 2
0 0 2
466.667 1 2
0 0 2
0 0.1 2
490.833 0.9 2
0.833 0.2 2
70.833 0 2
100.833 0 2
261.667 0 2
0 0.3 2
0.833 0 2
0 0.1 2
0 0 2
34.167 0 2
0 0.1 2
43.333 1 2
51.667 1 2
0 0 2
21.667 0 2
5.833 0 2
0 0.2 2
0 0 2
41.667 0.1 2
2.5 0 2
0 0 2
42.5 0.9 2
0 0 2
0 0.1 2
43.333 1 2
420.833 1 2
228.333 0 2
41.667 0.8 2
48.333 0.8 2
50 1 2
494.167 0 2
41.667 1 2
0 0 2
45 0.6 2
0 0 2
0 0.3 2
0 0 2
15.833 0.8 1
16.667 0.9 1
0 0.8 1
15.833 0.8 1
0 0.7 1
0 0.7 1
30 1 1
45.833 1 1
4.167 0.7 1
0 0.9 1
0 0.7 1
22.5 0.9 1
13.333 0.9 1
0 0.8 1
1.667 0.7 1
0 0.8 1
1.667 0.7 1
0 0.7 1
0 1 1
43.333 0.7 1
4.167 0.9 1
0 0.9 1
0.833 0.8 1
4.5663428603597 0.8 1
16.5901683300459 0.890787569549866 1
14.0969930979349 0.8 1
15.833 0.8 1
15.8987581666554 0.807884672260843 1
9.55995551719517 0.8 1
16.4689676707233 0.9 1
15.6624957331065 0.9 1
14.8987612711848 0.9 1
10.5042032338521 0.9 1
22.3883522446437 0.9 1
15.8462181163561 0.801584906037897 1
0 0.8 1
0 0.87326810231898 1
0 0.8 1
0 0.811292858421803 1
0 0.8 1
0.0282689024759457 0.8 1
15.833 0.8 1
14.1365463659326 0.867858145362698 1
15.833 0.8 1
7.87124807881936 0.8 1
14.4329706602888 0.856001173588447 1
15.833 0.8 1
0 0.7 1
0 0.7 1
0 0.7 1
1.20761400168692 0.7 1
0.250996003349544 0.7 1
1.40862987886649 0.7 1
0.86128646077076 0.7 1
1.20038377174456 0.7 1
0 0.7 1
0 0.7 1
0 0.7 1
1.45401529809833 0.7 1
44.7549654432954 1 1
3.94254681654275 1 1
21.0135152516887 1 1
41.6107441388345 1 1
21.7858610104711 0.938392417388968 1
7.28015637723729 1 1
44.0214616694625 0.992236153385602 1
32.0780767861446 0.957677159341983 1
37.9733546177805 0.973052028450184 1
27.3856757901534 0.877017838601023 1
23.6197798457888 0.904799125040881 1
38.2481652291329 0.967493100883439 1
2.32243810388166 0.7 1
2.19502001126111 0.7 1
3.39658832984814 0.7 1
3.09810688193701 0.7 1
0.910718469248386 0.7 1
1.3638935064089 0.7 1
0 0.9 1
0 0.827607770333998 1
0 0.873782007000409 1
3.21447531291959 0.9 1
0 0.892171642486937 1
0 0.9 1
0 0.7 1
0.690501972506987 0.7 1
1.35708938456886 0.7 1
0.672060982064577 0.7 1
0.125366003185045 0.7 1
0 0.7 1
17.0746795971799 0.818624262744561 1
29.9758605030365 0.999678140040487 1
26.886234440608 0.958483125874773 1
17.2394708931581 0.821096008596942 1
26.4167499536416 0.952223332715221 1
17.7144460011008 0.828220279002562 1
4.85907329120696 0.9 1
14.2090204333859 0.9 1
4.16940385569027 0.9 1
11.9334002216829 0.9 1
14.9962103759688 0.9 1
8.39452743971068 0.9 1
0 0.825863942876458 1
0 0.8 1
0 0.829237030493096 1
0 0.8 1
0 0.8 1
0.265446505638771 0.8 1
0.992506509520113 0.7 1
0.135795507997973 0.7 1
0.947511632355396 0.7 1
0.489444354804466 0.7 1
0.605903853827156 0.7 1
1.14145038898359 0.7 1
0.350120591086801 0.8 1
0 0.822832248569466 1
0 0.8 1
0 0.8 1
0 0.835501469788142 1
0 0.864110048674047 1
1.31080004701344 0.7 1
1.64135487816413 0.7 1
0.290796552409418 0.7 1
1.50334515618975 0.7 1
1.667 0.7 1
0.137232434126781 0.7 1
1.01106613382325 0.7 1
0 0.7 1
0 0.7 1
0.597267983256606 0.7 1
0 0.7 1
1.09801468722709 0.7 1
9.50812585080438 0.942952385847457 1
0 0.912794370367192 1
3.45983163430402 0.916970683122054 1
0 0.972163750231266 1
0 0.96535585145466 1
0 0.985679837083444 1
12.3672220442411 0.7 1
33.6943336888072 0.792532677110285 1
43.2337232099222 0.700744594540447 1
36.9688227219898 0.723142462829128 1
22.8679867548794 0.774418229982257 1
28.8154439410551 0.839370768098161 1
7.79206394158118 0.9 1
3.86902131336392 0.9 1
2.18866973792901 0.840661959745921 1
0.557736132879043 0.9 1
13.2386825332651 0.9 1
2.21807055630349 0.841543807927519 1
0 0.852669044397771 1
0 0.822955246805213 1
0 0.879072808055207 1
0 0.9 1
0 0.816385111631826 1
0 0.9 1
0.318776979189599 0.8 1
12.5339601090103 0.8 1
0.419574511012528 0.8 1
0.752715825007763 0.8 1
0.11285519351624 0.8 1
9.3260605837144 0.8 1
43.333 0.1 0
47.5 0.4 0
45 0.3 0
51.667 0.1 0
47.5 0.3 0
47.5 0.1 0
44.167 0.4 0
45.833 1 0
42.5 0.2 0
43.333 0 0
45.833 0.3 0
43.333 0.3 0
37.5 0.2 0
38.333 0.2 0
43.333 0.3 0
44.167 0.2 0
44.167 0.3 0
41.667 0.3 0
42.5 0.4 0
43.333 0.4 0
45 0 0
44.167 0.3 0
42.5 0.1 0
45 0.2 0
43.0380618819015 0.1 0
42.8929560559315 0.1 0
43.3579868035803 0.0985010915668681 0
43.6778632792723 0.0793123407755047 0
43.8680718216104 0.164157292759046 0
43.333 0.0712580208433792 0
47.5 0.301789483404718 0
45.9001408982181 0.4 0
46.7069111926931 0.352424186724238 0
47.5 0.316828758898191 0
47.5 0.303525753621943 0
46.2458057486219 0.349832229944877 0
44.2058348891409 0.3 0
44.3479376541264 0.221721206977963 0
44.970962041049 0.3 0
44.3905586781192 0.3 0
44.6615396427955 0.259368504537269 0
45 0.252149217831902 0
50.4759304705556 0.140832003066316 0
48.5679407443693 0.0535164353437722 0
51.6410792170204 0.100888611003757 0
47.9574374711169 0.278044757805765 0
48.9725895853955 0.192369229160249 0
48.7512550829556 0.239944560453296 0
47.1982269833097 0.3 0
46.1977002987242 0.3 0
47.4381974330051 0.3 0
45.4808294126997 0.219233176507987 0
47.5 0.333610923332162 0
46.7962263547815 0.271849054191262 0
47.0594804898419 0.1528517708648 0
47.0243851464037 0.157062369957566 0
47.1336682934016 0.110991050302982 0
44.8507410711241 0.179485716437921 0
46.7006928863605 0.123981611570343 0
47.3986257510095 0.11216247738339 0
43.7772871401673 0.4 0
44.089260422383 0.4 0
43.9461906789071 0.373524062219076 0
43.7231351082185 0.4 0
44.167 0.346637911978178 0
43.5009892489379 0.4 0
44.4200807012543 0.660899368301034 0
44.8475127157266 0.645082610705867 0
47.112711619897 0.539395937649533 0
45.833 0.795277206343599 0
43.9233559282888 0.541685422789306 0
44.6232917852625 0.709670028463006 0
42.1157925831962 0.246123339352198 0
41.9749800730811 0.263027602271177 0
42.7321233363047 0.227865946735255 0
42.5 0.169936887524091 0
42.7624567201959 0.231507409387268 0
42.5411911318521 0.204944913787767 0
43.8585526339076 0.126031806692481 0
43.333 0.0359779492253438 0
42.5924757846873 0.0888984652236104 0
43.3540878629996 0.00505704148672521 0
43.1407142785485 0.0461670399643481 0
44.0427233822192 0 0
45.7371242889662 0.3 0
45.2204450803932 0.226463995245285 0
46.2629762029103 0.3 0
47.008998637486 0.3 0
44.9780667408984 0.3 0
45.0731468895639 0.3 0
44.1009542460125 0.3 0
43.2930132211545 0.295199666405097 0
43.2178568115265 0.286177288298495 0
42.6467621794671 0.217618508939631 0
43.333 0.311104193865322 0
43.333 0.3 0
41.0956832347438 0.128086335305125 0
37.6702673556726 0.2 0
37.6778759761553 0.204268681933172 0
39.4455789588392 0.161088420823216 0
40.8483419688439 0.280353778949939 0
38.0340632796288 0.22136253118515 0
38.2532118074575 0.2 0
38.5088846633364 0.205275484803133 0
40.105706882515 0.253170572360978 0
37.8767620208513 0.2 0
39.1881145944819 0.225648308172822 0
42.1204671624058 0.2 0
42.6951520016307 0.223427611240186 0
44.0200773937944 0.3 0
43.333 0.338061534846202 0
43.1926927835806 0.283156396588311 0
43.333 0.3 0
43.9861812966173 0.3 0
44.167 0.294122787564993 0
44.167 0.265154756512493 0
44.6739357350862 0.2 0
43.5566715058354 0.273180874600075 0
44.9824953790701 0.2 0
44.167 0.275404810346663 0
43.909340644638 0.3 0
43.4902940402399 0.3 0
43.3979784099422 0.3 0
44.167 0.248508118512109 0
44.026771044489 0.3 0
43.879192411995 0.3 0
42.1465228198429 0.357565764687024 0
43.2626757092755 0.395778854098171 0
42.021090982093 0.3 0
42.1321015392109 0.327917259256355 0
43.2986029082215 0.397935348632745 0
43.2905322788483 0.3 0
42.5689181475074 0.391726512904279 0
43.1143301251689 0.326250885333866 0
42.5177386815541 0.4 0
42.9571462091645 0.345120503101498 0
42.0813153833603 0.349737741099671 0
43.3211781444622 0.4 0
43.333 0.314553357590921 0
43.2310949283508 0.4 0
43.333 0.302791447821073 0
43.333 0.371243537729606 0
43.333 0.383245509769768 0
43.333 0.329677358525805 0
43.7970105523469 0.0721649338724092 0
44.0376301876409 0 0
44.7216636036362 0.0166968444129452 0
45 0.180633940780535 0
42.9578189889435 0.0816872404422611 0
43.6684339972124 0.0798779845703393 0
43.928591379032 0.3 0
44.167 0.3 0
44.167 0.3 0
44.167 0.3 0
44.167 0.254664697358385 0
44.167 0.3 0
43.0139999316265 0.0382953263353556 0
43.0754360259743 0.0769825589610264 0
43.8441086078449 0.180630390392616 0
42.5808016895407 0.1 0
42.8787225731369 0.1 0
42.9619722355728 0.12771279157605 0
44.994205667227 0.2 0
44.5204601424136 0.257567810034379 0
44.5479623338268 0.254266226431355 0
44.5648529408358 0.252238542516716 0
45.7756672893874 0.293117321655154 0
45.6903145260343 0.282870891480707 0
